0 0.274816 0.464611 0.036133 0.038806
0 0.262465 0.900396 0.120336 0.197181
0 0.475258 0.631049 0.059016 0.085153
0 0.283234 0.627354 0.057891 0.108236
0 0.623613 0.678493 0.076945 0.104014
0 0.543227 0.582972 0.057750 0.080222
0 0.438820 0.582514 0.052094 0.066028
0 0.841211 0.617757 0.073234 0.075125
0 0.616164 0.498431 0.051969 0.059639
0 0.700824 0.538167 0.057523 0.058722
0 0.465125 0.451090 0.035891 0.033347
0 0.779160 0.649924 0.086820 0.102847
0 0.735977 0.516139 0.050391 0.055194
0 0.291461 0.503319 0.040578 0.049583
0 0.551695 0.473722 0.050828 0.055833
0 0.175578 0.376736 0.064484 0.066472
0 0.227395 0.408854 0.020570 0.020069
0 0.254746 0.404167 0.023086 0.025861
0 0.266285 0.415993 0.022586 0.025431
0 0.298281 0.403722 0.030359 0.021417
0 0.269301 0.437403 0.035633 0.029000
0 0.235926 0.443194 0.036133 0.029889
0 0.230031 0.467736 0.034375 0.038806
0 0.373309 0.442090 0.032367 0.041042
0 0.408453 0.446549 0.033406 0.040153
0 0.462711 0.518389 0.059687 0.071278
0 0.329637 0.540063 0.043977 0.066569
0 0.380273 0.509729 0.047469 0.071153
0 0.516867 0.434951 0.046219 0.032958
0 0.324035 0.444972 0.040289 0.047861
0 0.661656 0.473361 0.047297 0.029556
