0 0.300195 0.593715 0.044234 0.078903
0 0.401824 0.412875 0.038680 0.037583
0 0.327172 0.415632 0.043172 0.044847
0 0.259492 0.408438 0.032828 0.028708
0 0.194734 0.388410 0.022937 0.027181
0 0.275855 0.398236 0.014242 0.018667
0 0.259520 0.454486 0.038305 0.037639
0 0.259820 0.484236 0.039719 0.038361
0 0.391574 0.637056 0.086086 0.190500
0 0.544480 0.735660 0.074758 0.118292
0 0.294523 0.777965 0.075969 0.145375
0 0.508750 0.560910 0.054500 0.066986
0 0.737410 0.492868 0.050086 0.051653
0 0.250937 0.551063 0.041703 0.046431
0 0.733781 0.800639 0.116281 0.173917
0 0.918660 0.550299 0.069664 0.059819
0 0.897078 0.456979 0.066969 0.062819
0 0.328473 0.541090 0.042961 0.062042
0 0.432016 0.507924 0.048188 0.063486
0 0.747258 0.577021 0.066391 0.061486
0 0.331441 0.486181 0.039789 0.043917
0 0.212965 0.403104 0.019961 0.021014
0 0.292512 0.504826 0.039055 0.062708
0 0.912066 0.594521 0.083539 0.062208
0 0.372465 0.474660 0.038430 0.041042
0 0.289836 0.436285 0.040141 0.040486
0 0.184953 0.443410 0.023734 0.067347
0 0.433191 0.570451 0.031039 0.064958
