0 0.400211 0.676125 0.060469 0.114417
0 0.703145 0.503958 0.056352 0.064167
0 0.309043 0.521264 0.040492 0.056139
0 0.371457 0.591201 0.050180 0.069208
0 0.467023 0.444514 0.039797 0.042667
0 0.648367 0.562750 0.057641 0.064528
0 0.663492 0.965326 0.111484 0.068208
0 0.375340 0.518319 0.044789 0.052944
0 0.249617 0.445542 0.034656 0.037889
0 0.531734 0.583257 0.055312 0.066014
0 0.543848 0.502694 0.047586 0.052194
0 0.188258 0.453132 0.040812 0.081097
0 0.338488 0.483604 0.053617 0.043792
0 0.346461 0.416549 0.031422 0.035014
0 0.263336 0.415861 0.018641 0.019167
0 0.219031 0.405312 0.019359 0.021153
0 0.406500 0.416007 0.031875 0.031264
0 0.542320 0.457792 0.048625 0.044472
0 0.443492 0.505035 0.050781 0.065931
0 0.878488 0.932021 0.159305 0.135153
0 0.296145 0.415729 0.028352 0.028014
0 0.597723 0.824924 0.094680 0.139319
0 0.239793 0.404486 0.019836 0.023639
0 0.418688 0.433660 0.040141 0.040153
0 0.189055 0.395153 0.016328 0.016583
0 0.468137 0.418583 0.033383 0.029028
0 0.658977 0.697549 0.090484 0.122847
0 0.628273 0.510771 0.052219 0.047458
0 0.920250 0.650806 0.100516 0.108444
0 0.496582 0.628187 0.064430 0.101319
0 0.766449 0.638653 0.076570 0.088944
0 0.257332 0.479562 0.037508 0.047347
