0 0.867145 0.720403 0.095586 0.096833
0 0.432648 0.504535 0.052359 0.046792
0 0.207070 0.481986 0.033672 0.062167
0 0.223082 0.417160 0.040680 0.048514
0 0.510363 0.448903 0.125164 0.126444
0 0.451523 0.951917 0.139875 0.096167
0 0.368816 0.508160 0.047711 0.062042
0 0.437148 0.439875 0.030219 0.032667
0 0.653297 0.517000 0.050078 0.044222
0 0.664012 0.492611 0.047836 0.036722
0 0.776477 0.539722 0.049688 0.047750
0 0.393816 0.691993 0.063477 0.098236
0 0.242195 0.464181 0.037766 0.048472
0 0.350988 0.425715 0.040492 0.038181
0 0.743434 0.560535 0.057711 0.057847
0 0.287117 0.503410 0.037391 0.046069
0 0.732758 0.622493 0.068438 0.072014
0 0.502195 0.555049 0.050016 0.062375
0 0.561406 0.512639 0.047297 0.051389
0 0.266918 0.540250 0.040820 0.064000
0 0.620824 0.551403 0.052164 0.055167
