0 0.624359 0.450111 0.043156 0.040250
0 0.315344 0.481535 0.041453 0.034764
0 0.216262 0.930701 0.131227 0.137569
0 0.348230 0.436201 0.032758 0.031097
0 0.323355 0.420361 0.031930 0.031111
0 0.304402 0.404806 0.029992 0.024778
0 0.272418 0.411861 0.031430 0.031972
0 0.204789 0.395924 0.039922 0.025653
0 0.559238 0.775632 0.080336 0.120431
0 0.825902 0.552465 0.072195 0.073375
0 0.244613 0.469576 0.037102 0.047292
0 0.556367 0.457972 0.035453 0.040778
0 0.765395 0.602312 0.067852 0.070931
0 0.262449 0.545792 0.043289 0.061083
0 0.432289 0.947736 0.128531 0.103000
0 0.281160 0.654507 0.057680 0.101431
0 0.383840 0.483604 0.042836 0.044986
0 0.502031 0.650965 0.070594 0.110042
0 0.835746 0.692986 0.086164 0.085417
0 0.970180 0.719576 0.058953 0.092458
0 0.323316 0.527896 0.045930 0.074542
0 0.394625 0.427590 0.023484 0.026208
0 0.615402 0.501951 0.050852 0.053208
0 0.461098 0.470215 0.035680 0.036181
0 0.486336 0.456396 0.031109 0.028542
