0 0.761520 0.399861 0.028633 0.031667
0 0.402922 0.444236 0.030016 0.028028
0 0.556172 0.469924 0.057219 0.060236
0 0.479297 0.611403 0.064422 0.087000
0 0.277309 0.485896 0.043461 0.048653
0 0.325020 0.417486 0.034195 0.037250
0 0.268445 0.406910 0.018906 0.020181
0 0.193559 0.398604 0.015758 0.016653
0 0.597699 0.461417 0.029148 0.036917
0 0.271941 0.829028 0.078414 0.148917
0 0.240762 0.407438 0.022023 0.019486
0 0.607777 0.889306 0.112039 0.180333
0 0.497566 0.480139 0.042164 0.043500
0 0.274621 0.705750 0.062102 0.097222
0 0.686098 0.741014 0.091586 0.126222
0 0.773297 0.654743 0.077156 0.088569
0 0.378246 0.616660 0.056961 0.093986
0 0.634520 0.557097 0.055555 0.051278
0 0.814758 0.520604 0.058531 0.056708
0 0.458406 0.949562 0.122500 0.099542
0 0.965680 0.697764 0.067500 0.105250
0 0.239305 0.533347 0.036047 0.050167
0 0.769320 0.570000 0.066219 0.072611
0 0.426926 0.434833 0.040477 0.038444
0 0.307910 0.469056 0.039664 0.036556
