0 0.263785 0.447076 0.041023 0.035986
0 0.240035 0.466507 0.036164 0.037431
0 0.201437 0.475861 0.034547 0.054222
0 0.396898 0.658438 0.071766 0.137236
0 0.811270 0.678785 0.084305 0.091236
0 0.284574 0.777667 0.079992 0.168028
0 0.522082 0.692326 0.066023 0.118264
0 0.682730 0.720563 0.086383 0.129625
0 0.676664 0.580979 0.060969 0.072986
0 0.473055 0.424194 0.046391 0.039944
0 0.330914 0.546188 0.044687 0.063431
0 0.445859 0.573375 0.051922 0.069056
0 0.500145 0.484215 0.047758 0.043042
0 0.662582 0.471667 0.044805 0.041361
0 0.609992 0.473236 0.047500 0.049028
0 0.935668 0.691326 0.087539 0.080792
0 0.237141 0.522333 0.037141 0.051722
0 0.536867 0.438437 0.038969 0.029931
0 0.928633 0.613979 0.083297 0.087181
0 0.980223 0.582271 0.039211 0.070125
0 0.546016 0.581583 0.070391 0.098500
0 0.390871 0.438653 0.035273 0.041306
0 0.314223 0.416729 0.028883 0.023931
0 0.592207 0.532160 0.045023 0.051375
0 0.449594 0.464951 0.035313 0.033931
0 0.377379 0.415576 0.025461 0.032264
0 0.275086 0.591674 0.041969 0.061931
0 0.285867 0.628938 0.047828 0.081042
0 0.342582 0.485514 0.043086 0.055639
0 0.840699 0.962472 0.050258 0.073722
0 0.682203 0.963333 0.096516 0.072583
0 0.169996 0.390451 0.014305 0.023514
0 0.190375 0.396451 0.016734 0.024958
0 0.235449 0.402694 0.030227 0.029750
0 0.264465 0.412764 0.031039 0.027833
0 0.212098 0.439882 0.038055 0.035986
