0 0.409000 0.675514 0.058891 0.112417
0 0.715336 0.512722 0.054750 0.061111
0 0.455926 0.600549 0.052977 0.080069
0 0.284906 0.683208 0.062094 0.117056
0 0.521270 0.659576 0.072555 0.117903
0 0.702105 0.597340 0.064633 0.074208
0 0.339383 0.543354 0.049422 0.064736
0 0.237254 0.521889 0.036617 0.055500
0 0.266437 0.585625 0.045859 0.073556
0 0.876586 0.643215 0.086359 0.073764
0 0.266391 0.397174 0.023484 0.019264
0 0.422070 0.548271 0.056797 0.061542
0 0.210148 0.405222 0.021828 0.022750
0 0.238871 0.409021 0.037164 0.029431
0 0.373133 0.407910 0.028688 0.026014
0 0.576656 0.483375 0.049406 0.052528
0 0.850109 0.694319 0.088594 0.088000
0 0.487668 0.432319 0.034680 0.042083
0 0.363023 0.432132 0.033891 0.034819
0 0.265055 0.484382 0.038344 0.043403
0 0.977563 0.600257 0.044328 0.150125
0 0.230398 0.451653 0.041891 0.039722
0 0.776066 0.865021 0.120711 0.157653
0 0.597941 0.462479 0.031320 0.034958
0 0.313387 0.415264 0.027164 0.041306
0 0.452172 0.453611 0.042438 0.047778
0 0.494406 0.558187 0.050828 0.061736
0 0.249312 0.915542 0.100687 0.164833
