0 0.248301 0.518521 0.044461 0.077819
0 0.175730 0.393049 0.019820 0.022792
0 0.215359 0.399611 0.020641 0.026250
0 0.242973 0.433472 0.040039 0.037306
0 0.253445 0.457653 0.036187 0.038694
0 0.532270 0.677389 0.070945 0.120444
0 0.341684 0.542542 0.041992 0.062667
0 0.448172 0.458000 0.048703 0.050778
0 0.594832 0.531708 0.046711 0.056389
0 0.722465 0.548597 0.064242 0.071389
0 0.290109 0.595222 0.080891 0.168667
0 0.834285 0.548076 0.080680 0.079042
0 0.499906 0.555597 0.065609 0.069889
0 0.440828 0.581639 0.053453 0.068556
0 0.516234 0.439833 0.047875 0.046028
0 0.431625 0.422292 0.031797 0.031361
0 0.351699 0.471958 0.044930 0.062139
0 0.971000 0.717167 0.057563 0.093528
0 0.491781 0.459076 0.038844 0.039014
0 0.288176 0.402896 0.022195 0.025292
0 0.330129 0.415910 0.022211 0.029931
0 0.386738 0.422694 0.018852 0.018417
0 0.365074 0.435354 0.040148 0.034542
0 0.197883 0.400653 0.012828 0.021417
0 0.625512 0.499201 0.051195 0.054125
0 0.837977 0.617521 0.089406 0.076153
