0 0.719832 0.600382 0.067695 0.077625
0 0.528227 0.727757 0.068187 0.104042
0 0.385422 0.626958 0.058922 0.093028
0 0.815625 0.925160 0.151734 0.148625
0 0.264898 0.477743 0.040484 0.046208
0 0.429695 0.936035 0.114563 0.126431
0 0.410035 0.433014 0.026039 0.027528
0 0.846754 0.562458 0.067555 0.076778
0 0.481012 0.434472 0.034555 0.030833
0 0.777844 0.422563 0.048547 0.041542
0 0.257895 0.548757 0.038930 0.055208
0 0.253777 0.396493 0.017320 0.012431
0 0.306434 0.413486 0.018227 0.018556
0 0.454074 0.521562 0.048242 0.059097
0 0.215086 0.395444 0.018594 0.028167
0 0.613195 0.467771 0.037250 0.048014
0 0.373867 0.439528 0.033844 0.029944
0 0.345676 0.491375 0.044273 0.054333
0 0.777320 0.559750 0.082891 0.097639
0 0.575000 0.478993 0.052453 0.056542
0 0.184496 0.389646 0.024727 0.033542
0 0.584477 0.524743 0.049031 0.050903
0 0.455301 0.588625 0.058773 0.075056
0 0.481898 0.466986 0.041297 0.042361
0 0.274445 0.600299 0.043719 0.079597
