0 0.274891 0.841111 0.085000 0.144611
0 0.340305 0.419931 0.029297 0.039611
0 0.341969 0.409493 0.025922 0.020347
0 0.852727 0.946715 0.108688 0.105347
0 0.295344 0.463931 0.042750 0.044722
0 0.308180 0.528278 0.043609 0.068056
0 0.252313 0.403986 0.028781 0.026250
0 0.597383 0.641743 0.070703 0.087153
0 0.984926 0.637215 0.029570 0.079042
0 0.431566 0.899201 0.100102 0.198986
0 0.829898 0.612687 0.072016 0.067431
0 0.664813 0.519701 0.048141 0.051931
0 0.632781 0.561597 0.051797 0.051361
0 0.561586 0.488222 0.043656 0.045639
0 0.858973 0.705826 0.101539 0.102014
0 0.567676 0.447021 0.040867 0.029764
0 0.344355 0.493972 0.041148 0.043667
0 0.198242 0.442896 0.013844 0.034903
0 0.181523 0.415160 0.021422 0.028569
0 0.231238 0.399299 0.020133 0.022792
0 0.191887 0.471028 0.016289 0.041250
0 0.381242 0.627153 0.050750 0.077278
0 0.423516 0.418271 0.036547 0.037764
0 0.239020 0.520361 0.039930 0.063222
0 0.506258 0.460382 0.040016 0.038625
0 0.189473 0.393979 0.021133 0.019708
