0 0.300914 0.651514 0.051156 0.094389
0 0.194910 0.453125 0.024289 0.022306
0 0.709613 0.551986 0.059836 0.061944
0 0.218531 0.394778 0.024703 0.024528
0 0.248445 0.404444 0.030094 0.036417
0 0.283355 0.402958 0.032195 0.027500
0 0.302148 0.422653 0.022203 0.031222
0 0.505957 0.425257 0.105398 0.086958
0 0.652910 0.442347 0.130898 0.094389
0 0.266223 0.941438 0.120367 0.117125
0 0.180531 0.396375 0.027547 0.021500
0 0.191777 0.425625 0.036414 0.031222
0 0.321129 0.480000 0.038602 0.036944
0 0.571086 0.519250 0.046781 0.054500
0 0.364535 0.412590 0.020727 0.022069
0 0.275469 0.489125 0.039094 0.047833
0 0.372668 0.511160 0.043227 0.050181
0 0.345371 0.429632 0.024648 0.026736
0 0.389371 0.427944 0.028086 0.027167
0 0.258559 0.550854 0.042164 0.072569
0 0.565484 0.476542 0.052266 0.049917
0 0.803430 0.507375 0.067313 0.052583
0 0.470738 0.971556 0.105898 0.055639
0 0.331633 0.537882 0.042375 0.062903
0 0.777508 0.654944 0.080328 0.080194
0 0.627750 0.873410 0.120641 0.178819
0 0.682000 0.498063 0.052344 0.050986
0 0.821711 0.552854 0.068859 0.066403
0 0.964109 0.606472 0.070844 0.085083
0 0.423590 0.560910 0.049508 0.076653
